667
440
719
882 345
482 372
899
449 115
475 183
984 285
731 67
911 929
217
147 471
23
567
596
80 494
774 705
915 697
321 797
759 528
543 262
149
532
750 227
732
504
343 376
497
432 461
44 409
695 840
190 735
270 847
685 469
271 721
717 146
330 894
952 977
214 937
638
896
706
335 297
509
557
644
309
131 93
824 835
956 392
815
467
134 452
883 813
912 490
800 339
204 521
755
395 318
95 795
178
231 386
199 327
858 72
707
572 114
129 841
620 513
947 760
641
773 740
451
745
480
222
514
869
152 653
563 885
525 581
517 617
198 259
709 105
833 470
237 91
578 40
770 169
643 243
266 674
718
124 371
344 8
603 153
624 195
555
22
775
906
500
924
168 522
385 443
125
951
742
533
275
586 88
559
410 686
116 837
145
768
583 408
87
484 751
405 413
436
59 619
573 27
994
193
257 350
588
636 993
979 544
384 156
242 162
648
292
698 524
163 571
457
267
692
547 394
265
175 817
51 108
891 401
716 701
749 991
806 615
64 982
86 744
423
756
391
908
950
889
518 20
111
304 138
387
430
507
28
120
422 49
55 388
286
103
985 670
221 52
247
255
855
580 383
601 94
720 861
127
366 144
418 995
779
612 511
11
298
754
71 290
864
820
109
654
865
669
843
191 307
923
556
909 341
140
98
347
893
626
629
887
197
968 726
897 853
664 553
657 244
614
7
949 30
99 150
550
429
825 953
29
352
171 188
916 137
789 703
481 814
936
803
485
13
606
287
113
604
763 368
74
100
826
493
890
496 414
416
888
96 263
642
538
196
880
4
324 625
539
508
574
807
549
431
712
845
623
397
765 133
945 447
238 794
792
988 881
498 873
828 444
219
955
780
503 801
110
293
472
725
635 10
534 846
939
5
652
645
569
684 434
9
353 903
47 118
478 665
690
878
89
446
673 407
400
748
26 31
799
453
723
499
777
209
439
348
551
38
415 101
18 675
411
148
245
210
406
776
671
328
228
942
180 960
313
607 402
527 662
367
302
505
63
390 872
804
561
272
987
288 157
438 454
886
708
831
802
575
970
278
357
361
277
728
202
468
216
560
576
62
274
879 932
876 32
39
989
610
790
142
655
998
910 661
336 15
852
151 182
682
448
107
851
34
946 236
483
711 424
787
106
746
283
143 256
229
667
326
830
502
82 796
867
605
964
591
501 832
584
412
56
827
300
79 973
154
70
456
174
704
279
184
515
164
875
784
460
874
772
733
364
743
941 6
369
66 200
159
375 12
848
381
21
203
627
959
305
77
570
241
678
747
299
554
112
715 130
688
258
491
75
616
971
978
999 862
679
819
201
121
136
315
506
334
356
901 808
179
905
463
727
613
917
426 714
536
354
589 856
325
260
877
520
177
477
33
597
738
786
83
117 249
14
975
687
282
261
593
303
730
736
316
17
3
646
921
809
658
176
602
25
396
914
1
192
969
778
340
284
621
693
863
232
900
771
691
992
489
323
944
895
240
925
211
598 455
663
907
739
540
986
280 562
450
81
462
741
611
310 155
225
393
859
296
166
312
358
35
983
349
319
329
972
268
435
677
823
844
442
78
811
45
519
235
761
24
187
122
785
186
276
132
594
320
913
170
41
433
757
48
419 289
205
92
734
60
281
650
812
729
922
342
362
360
473
791
220
976
531
389
379
854
926
767
167
19
61 458
239
997
378
933
516
251
333
254
181
546
404
370
850
73
931
230
233
640
821
764
713
822
488
301
314
90
526
935
672
50
479
938
139
702
425
194
963
680
860
308
421
592
346
377
954
842
294
141
380
530
836
213
870
656
849
639
647
962
441
649
189
724
948
839
317
486
966
420
212
694
351
541
68 537
43
311
374
42
829
16
135
208
332
565
766
722
