667
734
927 513
495 285
769 67
841 31
717 114
49 249
26 8
894 837
951
742
406
451
745
220
165 147
238 413
226 409
619 795
484 137
798 937
638
853 304
668 481
399 912
234 263
673 401
256 392
805 270
723
499
385 705
675 469
175 528
979 856
524 670
977 10
573 846
55 157
622 697
932 470
32 796
244 150
543 408
629
968 522
924
261
947 15
338 108
124 840
99 494
550
125
345 188
529 518
815
355 259
909 982
953 744
271 993
182 760
816 915
389
307 339
44 797
459 153
452 344
676 51
892 454
521 581
643 625
801 200
727
463
579 751
517 991
129 800
957 716
774 93
50
390 885
589 770
46 18
211
736
280 438
535 162
81
450
281
69 341
820
109
654
784
460
874
562 583
588
496 415
290 72
997
864
735 813
38
866 183
860
891 243
778
361
277
423
756
563 386
637 686
251
825 662
227 808
911 490
89
300
710 394
752 903
572 372
606
13
567
23
297 960
384 881
236 615
329
527 376
319
623
502
830
988 740
433
605
964
849
627
959
633 414
416
888
873 91
659 458
136
630 169
151 40
439
348
611
741
207 726
352
974 721
811
78
286
388 105
794 929
45
731 146
762 12
343 471
674 27
283
732
565
649
90
872 455
382 714
530
520
867
102 115
119 475
546
404
370
159
871 383
608 262
595 204
515
176
28
604
11
444 511
34
536
497
230
131 653
260
877
651 80
544 665
821
921
130 88
718
47 371
441
775
22
9
618 118
561
70
265
516
422 553
127
447 20
111
899
850
487 6
652
645
35
358
365 134
688
92
514
222
869
62
576
229
556
923
889
966
875
757
906
500
647
616
971
865
669
235
519
306 620
209
191 763
63
505
302
367
96 571
457
417 612
708
657 273
64 327
301
488
729
897 424
48
758 474
291 155
87
765 661
103
294
554
967 525
171 101
696 321
225
836
634 94
369
598 410
196
436
969
509
557
585 956
313
403 402
660 133
311
667
650
786
934 858
98
140
724
189
156 318
648
702
295 547
178
839
824 461
753 984
700 995
779
963
564 847
978
722
792
177
793 835
802
831
559
477
597
855
255
247
946 52
121
201
999 814
918 138
387
17
570
241
678
747
857 617
551
523 817
508
539
310 368
113
720 242
679
819
942
166
504
876 861
39
933
356
334
506
132
429
333
430
507
771
681 407
400
377
592
473
360
986
709 195
107
53 173
776
671
586 701
154
868 289
205
683 703
952 231
743
2 537
658
691
75
239
19
298
754
926
440
719
962
393
922
880
223 862
472
725
907
347
893
626
491
42
284
309
644
106
746
913
981 482
381
848
245
148
411
682
599 879
878
829
16
135
944
420
268
435
677
228
467
194
179
418 832
272
987
693
656
213
870
663
480
852
95 443
446
890
493
826
100
74
349
374
425
362
733
364
983
610
141
994
193
728
202
468
216
560
641
992
938
479
296
602
25
380
739
692
267
785
181
730
308
21
203
7
614
748
526
939
5
955
219
278
950
397
791
687
379
303
707
462
174
704
279
145
768
184
755
558 330
787
569
845
712
431
575
970
807
574
555
60
197
887
812
777
149
532
351
972
275
548 144
900
232
317
486
690
976
642
917
613
167
4
314
41
77
809
485
803
936
896
706
639
594
299
186
276
804
122
43
110
489
767
112
694
258
210
332
442
646
766
549
540
346
948
120
844
823
541
421
14
975
738
905
316
217
621
292
192
1
914
323
305
56
680
29
342
254
538
640
233
533
139
293
761
24
391
908
863
591
895
240
453
799
843
822
584
412
3
315
212
851
859
328
142
655
954
842
73
931
274
886
326
320
378
989
30 833
325
764
713
456
282
187
780
164
935
483
672
596
448
396
357
312
998
354
925
827
170
531
83
854
340
772
790
287
33
593
208
