667
532
743
437 471
12 256
251
668 386
432 617
834 615
793 413
919 236
993 409
770 544
80 422
832 721
872 977
683 355
949 697
932 513
608 231
622 861
553 183
127
217
384 147
781 960
23
567
996 388
199 49
792
40 249
898 91
833 808
831
659 686
899
662 494
350 20
588
290 30
65 415
285 846
157 929
490 67
211
87
696 765
741
219
664 995
657 373
121
264 469
165 407
214 862
598 321
524 10
603 856
624 262
528 661
269 52
735 101
38
866 339
529 8
666 27
55 840
303
915 318
590 537
481 155
324 44
32 458
892 150
571 543
629
705 376
733
550
689 99
796 169
208
115 674
999 475
807
574
478 982
937 701
638
896
168 408
227 751
825 243
29
352
760 740
830
502
623
397
950
218 129
716 327
805 800
768
145
247
255
968 383
9
609 434
272
123 943
804
295 670
945 912
941 984
497
973 858
436
196
223 371
718
254
815
964
605
433
495 26
34
853 885
368 51
153 817
813 438
887
126 182
601 814
936
161 482
952 330
88 372
449 653
139
953 522
620 402
404
546
149
476 675
187
336 894
331 162
648
353 801
746
410 837
558 681
759 18
595 195
179
563 204
423
756
344 242
112
754
581 619
627
723
499
591
566 947
148
411
133 105
5
939
526
699 521
710 625
523 94
799
453
843
755
897 452
877
711 665
761
479
296
166
504
876 424
786
306 795
79 703
189
724
201
587 572
2 137
141
427 401
180 511
11
604
28
507
430
387
715 138
688
92
514
222
480
852
151 797
46 847
963
7
614
244 252
435
268
516
265
271 956
188 835
534 200
658
933
297 583
385 881
125
951
742
406
210
245
908
391
241
329
347
873 15
455 114
131 695
732
565
259 525
509
557
535 903
503 134
467
194
267
457
803
485
13
606
287
454 744
36 392
72 263
844
95 118
707
745
451
545 405
364
644
309
536
673 156
889
736
316
631 518
493
890
414 612
416
651 307
541
942
381
848
531
580 108
969
778
361
277
836
68 443
599 304
154
483
109
820
864
997
367
302
472
261
924
650
119 459
228
450
81
725
967 726
584
412
102 444
320
913
345 794
286
103
294
276
829
878
89
300
827
978
722
854
926
767
867
520
857 382
130 470
826
100
74
849
904 341
556
923
323
135
850
275
70
562 841
202
728
925
400
613
727
463
905
209
777
812
729
922
916 394
425
360
473
791
220
602
25
855
787
569
645
983
354
60
197
66 547
181
22
775
441
902 270
654
784
460
874
669
865
45
421
312
43
682
510 461
311
484 447
880
78
811
396
986
610
839
178
279
704
174
212
315
506
334
356
992
641
575
802
677
637 144
283
678
747
551
348
439
111
691
317
357
351
258
981 124
895
37 988
998
1
90
314
4
167
779
48
935
739
233
358
35
766
975
822
142
75
616
971
859
393
962
719
440
3
576
229
120
636 289
205
374
377
757
164
515
152 714
663
870
213
713
764
994
193
944
83
860
21
203
429
893
626
491
771
560
216
298
19
446
738
239
679
819
708
886
539
508
891 31
282
687
380
530
917
642
192
299
785
122
538
500
906
748
284
340
559
477
177
845
712
431
14
106
16
73
931
274
420
442
842
646
549
489
649
734
278
938
293
110
593
56
987
690
369
554
186
113
448
914
959
184
260
24
281
313
232
519
235
370
159
230
611
702
888
706
961 991
322 93
50
776
671
328
225
346
948
63
505
921
809
468
780
955
652
132
594
639
136
17
570
875
533
561
647
640
821
970
456
240
966
349
41
170
486
488
301
730
342
362
790
976
319
656
693
292
621
378
989
39
762 6
332
954
655
596
107
851
379
389
325
462
333
597
33
496 643
176
863
672
540
592
555
680
62
140
98
694
308
42
667
326
907
772
692
305
77
900
972
823
869
