500
533
381
851
121 698
780
936 66 162
174
370
924
430 388
611 618 307 721 130
983 545 617 487 355
678 6
298
400
201 427
779 385
3 583 872
9
209 582 581 447
299 168
39
179 979 521
574
722
926 290 338
423
499
899 413 437
896
362
645 927 410
361
567 571
90
839
826
258
606
245
807 327
530 344
334 123 548
29 242 253
255
439 796 69
326 68 974 856 94
656
519 675
655 651 715
933
690 817 31
743
472
994 919
692
220 740 158 180
727 995 960
802
232
404
556 795
893
713 47
859 603
614 544 814
140
284
282 101 414 200
189 449 773 564
193 224
842
60
992
186 982
502
63
767
125 932 458
724 622 318 0
702
319 903
176 322
745 188 632 996
450
602 155
480
679 828
900 102 350 751
950
210 71 138 146
377 635
822
959
736 269 781
870
639 263
4 595
878
300
647 525 552
142 195
938 981 853
219 126 838 798
907
292
120
854
962 902 928 898 376
78
734 53 204
922 214 835 108 223 737 97
491 227 547
772 270
251
448 993
56 405
216 8 566
747 501
212
939
177 384
113 116
479
948
966
486 527
333 466 402
267
867 528
43 243
374 246 840
296 684
367 198 289 990
652
305 160 419
561
516 324
73
380 674
202 386 418 373 417 244 818
845
442
594 336
626
425 664
669
970 666
181
641 134 661 958
869 601
863 881
931
680
895 424 454
964 871
588 115
906
178
286
348 363 183 221
723 884
127 236 366
451
557
741 147
719 810 304
576
460
329 365
62 705
850
28 686
77 72 633 133 335 375
712
756 65 833 909
87 862
506
228 165
951 191 537
145
784
504
844 765 668 731 763
17
691 657
328 711
667
187 637 55 697 190 80 395 916
672 904
812 857 119
836
378 250 105
596 608
314
650 991
605
644
708
110 455
281 789
913 95 558
260
393
265
148 271
706
551
880
16
874 470
829 171
875
688
748 580
677
855
804
642
33
648
1 30
766 769
477
467 169
955 774 18 206 331 408
541 805 726 858
406 291 175 144 339 615 985
107 945 407 88
192
531
591 104 510
627
364
971
225
768 585
278 673 353
888 523 676 54
725
109 794 572
539
728 612 915
778
111
240
532 26 720 587
852 710
311 432 753 749 398
154 624
671
48
565 150
761 759 653 665 343
411 696
549
312 999
347 563
247 513
261
391 474 788
74
167
729 117
170 153
320 940 428
89
268
159 783
433 57
81
540 636
555
429
446 368
569
827 58 662
887
775
746
791 67 598
739 808
764 476 215 91 918
649
658
309
732 238 494 93
848 12 252
954 600
864 173 383 847 816
809
638 609 553
357
351
122
787
831 977
462 760
792
593 503 619
718 79
526 403 714 620
293
301 461
693
340 61 44
803
11
497 288
294 861
317
21 341 143 534
103 577 15
963
211 643
944 85
923
843
421
790
412
141
106 894 961
98 744 957 471
584
468
112 512
349 699
629
935 372
483
75
889 930 237 231 578
254
315
755
323 891
230 879 459
508 273 876 234
70 920 256 401 310
389
19
786 801 911
942
976 295
229 262
354 681 511 579
369
313 321 762 834
972 337
360 873 846 752
396 129
500 701
493 492
654 426 517 883 793
877 226
616 910
441 96 782 114 947
978
570
509 573 841
575 980 892
515 445 434 825
536 257 475
742
435 36 670
213
13
663
613
222
505
436 689 399 599 443 797
687 46
621 182 929 185 382
325 20 409
440 685
431
302 625
233 901 484 952 371
303
22 297
514
352
811
416
704 965 280
921
50 52
623 422 717 161 10 824 478
757 452
287
754 716 700
358 735
241
733 490
45 758
987
308 415 934 522 199
272 542 628 82
346 444 589 465
823
239 800 590 390
135 438
908 967
274
379 806
860 659 59
821
975
682 630
166 813
489 259
989
235
463
41 345
738
520
830 495 543 937
25
914
597 118
387
276
819
550
23 218 837
820 152 770
799
886 392
34 359
164
24 586 709 695
559 868 535
473 99 631
554 248
538 27
998
83 156 469 151 496 266 157
771 163
316
283
279 306
42 634 524 912
275
640
5
277 172
777
546
905
997
149 394 32 40
986 76
356
457 498
890 562 2
485 973
196
92 750
917
776
205 124 946 481
815
397 264
139 943
453
342 464 568
925 51
14
197
694
707 285 885 897
730
38
456
35 518
560
610 607 37 128
969 131
132 941
194 866 86
646
217
184
592 482 137 207 249 882
785
420
136
865 968
100
203 949
7 988
507 956 529
332 49 64 683
208 330 984
488 953
604
849 660 832 84 703
