750
335 668
6 553
108 40
263 91
847 929
454 800
474 169
982 612
758 355
155 810
891 327
101 183
901 525
66 653
266 518
241
594
705 958
813 695
735 199
585 269
443 494
391
924
522 253
675 408
242 781
415 65
580 918
214 609
321 892
521 427
359 129
820
109
629
543 270
723
499
717 834
805 630
861 716
195 59
881 960
582 600
188 32
698 528
413 410
196
436
973 697
751 957
796 946
502
623
397
950
478 759
644
309
536
567
23
370
350 974
662 579
726 607
492 118
845
382 424
873 595
769 386
344 224
484 137
619 770
740 46
572 622
712
338 750
913
625 102
539
508
590 696
451
745
707
943 858
87
223 673
275
915 218
885 824
620 93
358
365 146
581 324
980 862
482 20
936
760 458
993 634
173 866
563 794
206 428
628 996
3
387
138 558
814 947
286
564 544
999 339
260
465 617
684 615
55 246
115 459
231 475
53 341
330 469
984 273
945 67
285 383
325
638
449 937
306 372
606
13
905
463
304 198
988 130
910 991
992
670 714
912 69
11
511 934
618 817
117 438
414 262
661 577
894 96
8 825
496 700
645
588
290 322
997
868 432
904 710
94 503
300
123 919
806 968
77
131 797
774 665
83
128 61
364
0 545
226 657
401 624
995 447
718
371 674
898 366
749 27
162 715
688
92
965 765
514
222
869
215 977
683 71
583 76
305
917
247
255
403 105
5
686 434
9
60
197
887
812
116 659
704
174
121
318 373
189
940 124
439
923
323
252 182
239
899
856 853
850
487 603
209
589 720
835 464
708
417 838
803
764
82 95
837 175
145
768
534 676
490 452
211
736
730
181
254
815
964
605
867
767
250 147
18 259
586 681
509
557
587 573
368 221
313
701 402
81
450
281
535 409
631 236
685 398
412
584
501 798
752 636
217
550
243 99
578 30
985 897
103
294
517 523
969
633 52
314
51 49
562 153
202
337 911
711 150
895
420
274
879 426
690
389
841 816
529 185
319
238 941
571 264
497
818 495
248 703
70
154
795 345
485
921
809
560
576
229
256 608
283
746
407 158
395 297
161 385
160 58
468
699 143
526
939
789 846
157 376
961 10
310 163
462
953 57
278
219
955
780
801 721
804
119 872
334
207 2
658
176
28
1
298
754
926
331 388
72 227
532
149
802
831
833 666
963
7
614
295 405
956 981
193
990 773
788 744
799
635 512
738
257 165
455 392
663
870
713
604
113
660 731
461 86
78
442
906
500
647
561
272
832 548
179
808 783
191 114
787
944
616
755
44 31
481 104
828 651
932 542
722
978
739
133 920
393
225
836
706
888
702
648
292
112
938
479
952 12
793 471
203
437 307
166
504
728
942
381
848
230
144 871
677
268
435
900
972
422 599
299
903 394
265
516
271 782
669
865
654
549
24
761
352
399 171
302
85 151
852
208
38
575
970
320
353 336
54 470
378
776
671
328
288 466
889
120
948
63
505
602
25
855
333
430
507
98
347
893
626
64 84
935
930 363
90
791
326
429
187
547 753
680
56
987
390 928
139
351
258
107
694
240
565
732
786
26 249
931
73
743
637 979
251
762 664
134 916
467
194
411
148
245
210
406
742
951
570
17
601 244
423
756
168 524
896
19
446
89
566 632
849
627
959
279
178
839
317
232
962
719
440
807
574
287
164
234 763
779
689 88
559
477
33
361
172 949
80 444
237 289
785
360
473
819
679
527 343
404
546
784
460
874
772
733
652
156 737
50
152 204
515
569
925
554
186
777
303
79 840
354
983
177
830
200 909
682
510 97
457
267
692
643 552
136
396
880
922
729
555
22
775
441
649
734
878
829
42
827
45
235
519
379
687
380
233
433
34
843
890
493
551
348
611
741
213
693
863
727
613
167
4
823
844
667
771
883 967
757
377
374
655
998
192
126 513
488
301
483
540
610
989
556
329
976
642
860
21
308
140
724
201
357
421
125
766
975
476 68
43
122
538
640
291 568
316
621
678
747
15 419
261
472
725
907
851
106
220
41
170
486
369
277
778
340
349
74
100
826
356
933
111
691
75
491
284
342
986
280 537
506
315
650
489
110
593
36 180
135
39
876 384
282
456
216
367
312
127
62
16
531
48
597
902 857
480
790
842
592
14
431
533
448
914
877
228
311
132
276
908
184
672
596
416
332
445 709
748
400
293
641
864
47 498
362
425
792
859
971
205
520
530
598 418
37 882
29
375 190
159
141
994
646
35
966
453
875
212
884 927
639
296
886
811
822
142
346
954
821
854
541
591
656
