500
754 581 619 71 603
298
216 160 407 716 937 609 495 805 183 478 115
560
771 82 818 469 102 858 573 330 465 590 967 571 461 163 883 395 635 624 481 339 930 657 297 91 582 152 737 984 545 879 916 681 399 231 80 200 99 383 249 118 385 793 837 835 289 173 475 227 897 857 474 960 273 600 470 188 503 487
448 840 553 271 175 95 447 494 562 717 53 394
682 138 814 182 8 501 151 929 417 97 633 147 124 882 263 774 909 770 838 243 806 510 128 415 828 697 496 744 36 816 353 47 932
842 881 769 615 763 156 375 675 985 800 617 991 55 172 161 195 280
592 862 295 162 226 934 269 817 979 424 511
421 376 238 10
125
951
570
241 266 218 912 327
712 622 612
908 492 834
391 443 796
924 490 522 288 753
261 628 884 15
472 223 88 919
302 698
367 96 973 662 873 165
997 290
109
820 69 359 795 813
181 129 66 51 169
546 119
203
21 133
860 866 335 894 891 18 403 525
5 434 105
652
645 856
569 833 720 464 710 988 94 595 903 46 781 928 711 471 695 801 408 918 459 534
761 760 798 372
352 585 171 676 726 759 740 371 2 946 114 630 703 449 363 30 409 237 665 382 872 338 214 343 285 674 137 168 598 307 620 861 721 797 146 422 915 892 242 974 27 153 157 373
532
743 6
648
962 54 552 246 841
719
440 825 150 518 564 999 49 248 653 524 388 810 337 794
404
723 270
499 705 345 957 12 432 513 482 832 947 386 101 735 321 117 689 548 586 577 993 76 26 134 244 637 32 521
733
550
187 589 885 543 401 636 336 995 661 20 44 789 683 131 788 701 968 547 331 982 366 143 344 476 977 206 618
936 458
896 664 126
480
663 455 31
870 57 961 599 306 427 108 264 437 904
989 535 452 580 563 958 392 685
923
323 956 252 414 236 221 952 413 517
489 911 259 291 250 116 990 684 37 198 910 965
963 847
779 350
23
567
596
485
745
451 773 130
406
539 625
423
756
899 583 454
111 466 204 318 405 65 104 191 765 438 418 72 304
688 715
48 758
964
605
867
520 566 61 93 941 981
193 155
994
141 587 402 498
646 84 428 365 660 686 709
90
314
34
433 64
41 752 808 659 643 384 601
931
73 341 537 751 853 634
755
616
75 190 651 445 945
60
197
654
784
460
823
265
799
167
4
880 484 668
78
286
103
439 940
348
551 185 558
493 631
890 898 568 528 700 846
942 180
728
202
468
502
623
845 262 943 52
235
519 980 215
232 749 144 666 40
863 762 572 542 927
463 579 444
905
211
287
113
516
268
435
677
228
87 224
561 670
275
972
329
504 876
166
296
479
50 257 824 714 390 234
245
148 410
777
812
729
922
393
225
179
194
467
815 355
254
718 368
62 0
576
229 256 123
212 207
768
145
260
877 527
606
13 920 59
658 949 782 544 529 67
1
28
456
70
154 868
483 632 578
540
377
655 996
776
671
247
255
855
25
602
319
976
690 426
369 953 85 68
89
852
208
38
575
970 199 783
320
913
638
120
889
966 673 512 750
650 253
332
778
340
969
509
557
707
462
81
450
281 608 324
785 901
299 696
9
22
775
906
500
647
926
316
736
301
272
987 398
948
178
279
704
174
121
201
724
189 79
727
613
594
830 322 902 419 871
626
629
887
559
477
672
786
713
604
11
921
821
679
819
886
457
267
692
772
935
506
334
356
992
641
381
848
230
497
536
309
644
106
746 158
283
732
565
278
219
955
780
110
293 310
400
807
574
508
210
446
19 523
738
975
507
430
333 607
491
351 699
107
888
706
836
277
361
317
488
826
100
74 86
639
473
360
362
792
787
667
378
346
954
555
944
135
614
176
164
757
429
132
7
17
387
3
514
222
869
998
139
802
831
35
358
233
900
804 731
669
865
827
300
170
486
878
829
364
98
347
907
725
593
303
687
859
722
978
251
591
850
678
747
292
621
730
308
140
925
240
420
442
441
436
196
538
122
43
917
305
56
412
584
844
597
33
149
374
349
209
811
396
914
959
627
849
505
63
411
192
642
29
649
767
112
938
554
611
741
397
950
640
742
533
431
14
790
220
791
284
739
213
77
205
556
92
24
184
217
127
312
803
764
702
843
874
549
370
159
39
239
389
531
313
875
691
177
610
986
83
282
357
839
136
588
766
748
526
939
258
694
854
379
851
734
380
809
971
276
186
294
864
45
325
708
453
416
274
530
893
822
142
328
933
693
656
342
425
42
16
515
311
326
983
354
541
895 58
315
680
