667
880
26 413
637 409
384 461
474 991
93 339
99 661
550
217
22
775
128 402
313
657 452
259 511
11
298
182 108
947 200
370
796 91
957 188
697 115
612 932
695 846
157 988
28
609 67
608 929
578 553
151 853
834 162
462
883 183
891 885
705 701
524 795
871 571
150 837
203
857 469
588
350 881
922
393
859
324 525
838 101
338 817
185 482
501 49
47 368
684 263
584
749 236
457
886
215 134
566 169
199 982
238 481
44 619
196
436
973 10
300
754
71 760
977 620
365 805
216
407 414
416
466 434
79 856
663
567
23
974 960
930 114
972
275
561
70
265
911 394
513 617
689 703
492 544
292
648
702
348
439
103
286
78
964
605
433
64 770
366 740
260
92
371 327
266 231
975
686 665
305
806 105
423
756
146 376
171 341
40 372
898 133
359 15
349
152 408
8 94
889
950
908
712
622 562
455 52
996 262
534 797
759 72
819
310 572
952 903
595 32
845
937 726
638
706
737 814
836
277
634 155
758 297
48
779
631 995
18 808
860
335 825
240
967 129
757
494 130
124 321
810 227
405 80
427 716
946 204
987
190 873
707
858 415
450
81
725
20 27
256 31
456
344 847
475 670
0 912
331 800
508
210
245
148
777
179
165 426
545 841
832 744
577 392
727
463
958 444
711 289
495 471
855
104 252
992
641
144 993
677
228
55 490
731 615
722
978
564 386
999 388
807
574
555
734
852
878
829
42
804
271 872
377
161 915
424 861
175 801
780
962
719
440
839
385 643
160 953
791
540
220
745
451
803
764
301
736
730
181
254
815
956 410
879 6
369
486
285 383
325
644
309
536
840 714
835 765
61 735
38
575
970
39
741
611
235
519
822
529 528
2 345
599 12
443 242
500
288 794
446
924
391
487 581
899
533
742
951
125
387
630 138
111
318 304
521 249
755
184
279
704
174
280 674
645
983
209
389
816 653
869
222
514
593
87
158 470
364
733
530
382 422
821
921
485
596
86 401
969
509
557
573 862
994
193
98
140
600 458
239
527 153
768
145
247
255
453
799
167
4
823
438 751
84 118
746
170
419 662
551
493
890
583 813
654
784
460
35
445 243
54 833
802
139
112
53 147
935
685 547
692
267
282
83
195 447
50
904 156
421
900
141
753 137
927 30
559
531
106
592
925
728
942
541
3
576
560
771
691
317
357
278
219
955
658
507
430
333
29
790
142
307 51
347
893
626
629
180 543
109
820
864
997
998
761
251
334
506
919 454
472
302
505
63
923
323
743
532
723
627
849
60
197
887
724
189
682
914
448
107
212
143 624
311
276
827
669
865
633 330
787
569
526
939
5
652
640
905
211
287
113
516
268
435
895
208
136
639
473
360
342
649
232
831
477
21
336 894
441
411
483
154
671
328
867
520
312
173 88
679
646
205
809
380
739
319
656
747
678
241
329
504
732
283
332
778
361
650
489
250 522
933
356
546
404
772
896
19
56
320
913
75
616
971
931
73
468
502
830
594
420
811
398 721
431
556
351
258
688
907
244 675
488
875
843
984 537
789 625
539
406
378
218 270
159
954
655
149
400
748
614
7
963
187
122
538
642
976
690
352
45
229
667
294
396
121
201
693
621
213
713
604
480
225
591
261
397
623
842
442
718
850
135
16
62
274
944
659 518
316
926
854
565
786
497
230
606
13
844
412
549
766
826
100
74
687
326
296
479
938
110
43
917
874
164
515
178
17
877
499
284
491
34
314
272
41
602
25
233
358
570
936
120
381
848
597
33
293
9
89
966
315
776
303
379
851
888
24
281
906
374
708
729
812
467
194
425
986
647
202
959
90
1
299
192
367
863
767
989
870
77
354
948
346
176
132
429
792
362
554
186
785
340
14
177
610
613
680
308
694
166
738
672
127
