750
851
438 162
817 185
662 607
350 657
588
993 542
760 344
816 428
389
339 861
99 30
550
553 513
562 717
51 833
403 525
860
335 960
281
231 932
636 115
889
814 138
936
482 866
49 150
995 401
779
455 169
165 264
545 399
879 129
681 853
243 928
676 726
640
674 46
23
567
596
171 338
372 449
595 759
903 572
868 304
457
96 758
973 619
436
413 236
484 224
573 956
221 15
313
402 427
81
450
715 59
688
153 808
44 481
458 858
873 566
836
443 263
705 885
735 498
38
101 321
163 750
424 511
874
583 686
899
609 76
272
943 410
61 825
364
470 227
415 242
675 57
915 797
409 461
320
102 631
684 116
584
501 752
90
84 660
547 475
324 365
517 751
554
388 72
286
103
985 337
118 291
635 26
996 199
738
534 188
801 331
780
226 105
295 737
614
244 67
423
756
524 8
856 528
663
31 285
92
250 37
259 114
665 146
690
200 262
830
846 157
939
273 383
417 144
708
886
454 288
824 716
93 195
991 982
912 670
579 835
859
40 91
559
88 589
472
223 653
87
765 840
447 266
311
133 359
345 930
529 2
25
855
252 79
202
600 585
405 937
788 990
612 155
997
290 496
864
820
109
813 134
251
882 974
796 957
341 661
556
923
494 124
111
774 697
83
659 336
68 6
459 204
301
327 394
386 949
988 47
761
798 901
97 353
28
95 837
872 721
804
104 131
916 789
478 469
216
160 769
468
740 117
770 182
892 521
382 689
530
432 392
710 94
254
815
355 947
977 161
348
702
648
509
557
644
309
637 577
283
256 27
229
576
0 828
62
86 953
552 967
962
841 620
744 929
516
271 270
265
823
4
963
847 487
287
211
490 128
248 495
70
695 586
378
343 32
497
207 818
507
430
387
3
783 376
249 979
755
616
75
651 618
52 371
121
373 168
189
724
201
280 476
986
55 615
617 668
198 80
139
130 857
451
745
773 762
193
965 246
197
66 414
22
775
441
894 518
664 984
126 832
896
881 763
404
238 152
421
10 940
725
907
347
893
626
64 871
730
736
316
701 628
154
483
234 363
673 474
395 191
883 310
65 810
987
190 945
445 147
598 214
580 622
452 289
742
951
125
385 297
462
834 151
908
492 898
408 800
768
145
279
178
795 666
826
493
890
630 269
532
499
723
627
849
18 218
412
698 587
302
367
862 471
407 318
400
696 918
714 578
536
34
175 330
20 582
444 237
463
727
613
603 920
754
71 904
166
805 183
508
539
625 537
307 306
196
538
633 510
643 426
909 36
58 523
358
35
460
654
275
54 548
749 884
900
173 512
776
671
247
255
924
522 464
605
964
48
906
500
647
561
158 608
746
137 897
260
24
85 422
975
709 999
398 571
416
888
706
638
120
544 891
807
574
575
970
599 172
919 419
594
241
391
581 368
284
366 434
127
217
558 543
551
624 838
212
143 568
781 720
187
946 632
753 253
119 711
334
356
992
641
793 180
203
546
149
802
831
794 876
45
215 634
209
777
148
245
210
406
446
89
300
156 257
50
479
12 952
206 82
683 418
669
865
902 465
480
222
514
869
927 437
981 390
911 910
453
799
167
590 384
772
961 322
728
942
541
69 564
370
108 934
531
106
958 941
535 563
703 700
375 731
931
73
743
806 123
913
685 699
219
955
994
141
968 466
380
233
527 980
649
655
142
839
540
314
53 503
107
13
606
230
848
381
502
623
397
950
186
785
439
170
41
433
812
629
887
16
560
771
177
691
875
293
650
597
33
361
277
778
340
349
74
100
639
473
360
877
411
179
225
393
922
880
78
442
782 601
176
506
7
323
959
713
604
11
298
19
354
60
9
325
829
878
852
208
645
983
312
803
764
278
296
456
282
611
741
29
642
976
319
978
722
854
679
819
369
486
792
192
998
938
925
140
98
56
680
205
374
786
239
719
440
747
678
515
184
228
328
867
520
621
181
431
712
845
396
448
533
467
194
63
505
113
757
863
232
972
329
504
732
565
734
526
748
342
39
989
610
220
791
429
333
491
258
351
357
317
352
43
122
132
652
5
292
693
656
704
174
240
420
274
739
261
303
687
379
821
921
485
477
718
850
294
667
733
870
77
707
299
276
42
827
971
767
112
694
926
592
346
591
905
844
729
822
843
966
136
315
332
602
555
944
787
658
677
268
435
895
569
593
110
811
235
519
948
933
159
308
21
784
646
842
682
914
1
969
425
377
954
267
692
213
809
672
935
164
549
766
326
17
570
488
305
917
135
14
790
362
489
