750
507
846 609
157 558
939
797 10
725
344 726
153 452
768
145
835 542
579 131
12 525
101 242
321 146
214 665
259 105
423
756
620 563
394 853
553 681
595 51
401 892
817 995
662 934
607 973
436
619 413
409 484
224 236
858 15
98
46 967
714 622
455 204
744 262
661 982
789 937
137 481
735 469
38
490 837
686 534
188 386
712
612 883
395 169
40 454
697 91
644
309
93 631
957 991
566 796
502
623
845
114 492
108 252
947 615
55 355
815
392 133
432 410
196
834 61
151 943
125
951
742
406
8 156
286
388 544
422 475
115 438
162 581
366 94
434 857
5
652
487 866
808 818
208
645
856 985
528 524
52 603
195 511
861 956
405 573
221 128
474 138
862 36
814 407
706
737 365
543 977
741
765 674
840 996
458 447
567
23
960 873
437 643
927 885
961 182
172 705
80 915
143 198
617 715
736
478 568
926
408 684
988 218
28
872 993
721 710
903 307
572 601
868 577
894 637
251
813 664
109
820
795 69
498 327
116 155
758 257
96 876
359 816
760 578
215 200
417 720
273 418
383 632
190 297
385 806
123 769
482 104
111
630 774
912 147
670 825
871 496
788 290
415 990
753 675
339 269
363 695
238 586
932 54
275
26 984
150 635
49 911
202
337 600
44 248
899
372 461
352
585 171
494 373
759 32
513 529
591
832 403
272
102 770
320
338 965
801 246
962
552 841
435
268
516
522 271
161 464
805 794
376 118
291 881
922
880
668 930
678
747
897 698
163 30
325
285 589
67 88
929 263
628 443
428 336
331 199
72 173
191 773
745
451
740 130
597
847 31
844
823
4
833 335
324 243
450
81
375 27
470 521
625 227
877
260
76 518
244 495
399 798
545 449
779
657 909
64 289
205
350 580
231 752
501 636
90
660 562
717 84
249 904
78
442
117 800
134 716
688
907
347
893
626
629
517 711
129 119
949 879
364
165 384
179
194
467
228
466 2
424 398
416
414 651
20 980
582 618
126 587
887
288 981
197
66 703
306 750
124 57
278
219
955
537 696
952 634
253 471
743
6 353
97 295
226 898
294
103
439
940 444
237 343
404
810 974
751 891
935
48
160 419
468
216
183 945
921
65 510
838 653
624 928
311
941 382
233
358
509
557
799
265
270 175
723
499
532
149
546
203
793 53
594
919 0
100
826
493
890
700 676
640
599 527
666 345
654
330 781
9
60
910 523
139
802
831
559
302
367
997
998
761
479
50
445 390
369
953 68
536
34
433
605
964
849
18 223
256 86
229
576
560
771
82 571
764
803
457
749 266
900
427 884
261
472
313
402 180
942
504
166
71 512
296
999 633
59 564
234 476
241
972
329
685 701
154
483
824 250
92
514
222
480
896
168 95
839
178
279
704
174
280 673
763 535
371 341
281
608 828
783 47
217
99 598
550
187
968 946
730
181
254
277
361
778
340
683 79
206 583
669
865
902 916
393
859
699 426
503 368
74
152 310
113
604
663
870
264 547
58 920
606
13
905
463
304 709
775
22
555
465 762
396
914
959
627
731 689
255
247
917
979 459
301
488
318 85
975
506
334
356
992
641
901 144
554
240
548 185
551
348
611
971
616
755
184
918 882
994
193
776
671
328
867
520
590 958
207 782
497
230
729
812
777
209
298
19
446
89
878
829
659 37
83
860
21
308
159
370
235
519
827
300
754
969
158 322
746
170
708
886
667
650
924
889
120
638
913
821
56
724
189
17
387
3
213
978
722
854
379
851
212
315
830
25
602
614
176
132
429
791
850
784
460
35
646
790
142
362
425
412
584
734
649
389
239
738
211
87
561
647
500
906
374
786
864
869
944
323
923
556
908
950
397
848
381
77
809
380
245
210
508
574
807
14
473
360
785
299
420
895
787
691
177
983
354
954
121
201
863
727
613
719
440
70
456
282
970
575
549
489
110
780
73
931
274
682
732
565
192
792
702
888
875
293
804
75
491
728
533
987
485
596
477
140
569
515
164
757
232
531
976
220
540
592
314
29
642
538
267
692
772
225
836
621
316
284
342
656
319
588
766
874
843
966
852
948
986
346
819
679
378
733
672
658
1
292
648
963
7
186
276
610
842
377
400
593
303
707
462
430
333
45
855
357
317
486
690
148
411
441
39
135
16
62
127
570
936
693
141
122
43
136
639
713
526
938
112
694
258
351
107
448
11
541
677
655
312
283
326
287
431
167
767
718
41
349
739
530
421
305
933
989
63
505
24
391
687
680
332
539
748
33
106
925
453
811
42
822
