306
499
429
358 458 804
802 692
480
712
921
641 177 966 87 793
555 266 643 534
722
655 922 714
859
706
42
767
43 906
300 990
702
311
411
287 727 399 763
132 630 545 434 345 316
610
431 972 421
255 803 494 784
626 525
899
56
24 210 265
886
283 648 488
829 38 962
220
325
212 687 169 293 88 673
831
836
730 305 462 438 967 173 934 807
279
754 372 497
627
914 724
326
790 751
830
149
448 659
998
574 696 976
379
472
688 174 424 939 380 758
113
611
536 58
140 129 745
822 879
738 775
260 344
369 302
820 814 377 383 503
644 846 55
694 940 634
645 584
638
213
245 936 938
301 737
809 811
352 683 19 416 479 650
28 492
863
646
704
870
299
216
557
736
844 141
110
647 817 585 816
766
667 992 989
596 389 935 786
819 182
77 608
34 435 698 678
467
70 329 599 249
14
303
504
896
211 971 127 405 60 420 716 384
400
45
493 799
652 668 586
602
433 477
852
41
623 142
342 554 126
639
923
354 450
453 204 988 461 491 701 566 621
549 798
649
81
22
764 718
682 102
812 257
605 144 262 112
5
917
680 524 957 565 324 533
785
725
729
551 570 964
771
425 52
319 221 97
78
179
908
772 991 181
880 49
854
3 575
855
412
120
983
843 955 145 419 100
485
239
404 838
539 322 805
187 464
396
103 99 0 291 327 516 690 624 960
254 587 268
423
865
230
348
35 195 866 995 726
755
576 521 888 427 902 693
691 919 963 825 321
616 520 824
235 1
867 357 948 180
656
75 407 54 82
502 470
986
11 8 658 538
13
251
591 927 519 437
489
189
25
975
604
50
540 670
593 395 548
121 26
969 101 474
950
378 190 926 689 883
483
815 924 21
508 993
460 507 446
743 707 487 961 943
546 808 312 904
900 308 51
167 95 875 637 65 231 170 402
719
178 672 981 208
768
944
954 813 788 194
887 925 760 229 651
7
63 332 594
826 185 313 282 343 20 253
89 338 663 482 928 365
159 713 595 135 877
532 248 269 367 750
506 769 131 795 523 123 916
284 401 501 264 978
905 484 791 12
136
531
559 454 947 612
747
671 601 406
349 373
541 773 999 426 517 157 218
83
196
597 198
779 67 958 873 631
106 573 600
874
869 583 897
895 459 723 515 571
370
561
468 96 202
959
556
430 162 613 997
842 175
374 818 443 318 119 982
889
111
98
29 732
864
323 661 415 564 10
286 64 797 246 635
334
247 665
514 881 156 183
361 16 391 742 243 382
728
276 590 30 23 288 563 439 913 315
526
275
241 153
125
346 907
756
942 884 857 654 296 994 228 686 92 569 558 949
893 397
278 294
463 69 511 749 697
827 409
823 974 364
333
734 550 473
203 258 261
778 953 209 225 619 166 509 581 130 414
933 186 801 833 85 27 674 572 679
860 31
201 792 148 560 44 227 84 94 109 708
677 271 48
733 2 224 894
309
592 32 223 684 233
39 614
456
780 782 700
970 160 59
272 238 882 625 124 847 304 932 263 418
486 206 562
9 752 118 794 510
849 535
850 375 973 709 445 676 413 158
139 138 946 628
222 161 731 150 945 295 711 455 892 62 197 68 151 746 890 951
292 199 347 93
761 281 137
387 331
73 744 163 513 915 47
340 762 618 350 835
232 920 607 74
776
219 740 339 891 320
298 977 256 872 617 40
442 289 721 290
267 851
848 91
314 226 861 657 699 394 252 841 388
122 317 615 629 577
606 417 481 929 469
193 568 147 134
457 498
748 553
217 359 527 277 878 128 783 741 33 496 15 898 274 609
17 774 428 653 4
240 280 422 578 6
757 980 542 821 356 828
567 530 390 449 310 941
505
642 931 236 770 979 529 664 152
192 328 537 622
184 500 76 270
90 66 856
440 37 18 528 53 250 164 495
777 71 337 685 117 759 845 285 588 552 385 720 306 351 840 191 200 996
205
362 242 636 937 660 476 930 436 839 598 512 452 104 403 376 837 705 579 171 522 363 787 475 544 341 717 547 79 910 912 868 107 273 603
451 371 633 471 259 168 952 715 36 810 336 640 133 444 968 478 582 669 911 662 703 307 176 796 806 518 858 116 393 215 234 408 432 207 86 61 114 466 368 987 876 710 675 681 885 353 172 360 155 632
154 46 146 398 188 862 871 620 909 580 297 956 834 781 392 105 985 330 214 765 753 237 386 901 80 410 695 666 735 800 984 366 143 57 490 543 832 589 965 335 244 853
381 739 789 72 165 465 115 903 441 108 355 447 918
