750
404
297 285
67 861
929 339
753 968
474 428
862 419
471 858
469 458
373 873
920 915
675 603
937 524
321 977
773 336
670 162
409 344
236 449
10 881
163 51
800 383
703 204
402 171
835 338
795 257
146 394
105 620
470 960
495 168
580 424
157 511
846 993
566 760
269 476
735 586
407 498
834 182
622 172
765 947
108 15
438 447
763 414
416
825 124
382 774
262 12
805 102
503 510
8 797
759 824
928 153
726 243
892 676
721 244
423
756
563 2
188 808
990 801
751 464
615 918
252 988
573 833
478 681
375 158
156 758
155 115
686 912
496 837
814 95
936
335 482
661 769
26 930
673 659
582 816
20 891
183 93
195 218
179
59 832
388 392
368 288
934 581
372 69
185 619
130 817
437 426
927 327
266 901
386 66
129 598
418 123
897 104
612 137
856 454
513 957
941 796
173 200
304 169
40 432
910 91
911 695
198 664
64 945
117 946
740 199
553 160
853 643
384 57
579 234
632 528
879 501
90
422 599
972
417 37
273 967
52 72
118 818
561
70
49 548
350 885
995 961
779
223 455
401 165
226 65
461 138
497
306 27
343 705
415 443
466 558
551
119 697
215 238
792
564 365
133 902
410 857
657 595
259 637
617 114
337 399
633 562
459 717
301
488
413 490
227 973
408 628
534 904
630 624
590 151
481 871
618 789
6 982
744 625
314
662 665
711 607
251
882 280
636 47
889
518 762
894 720
577 522
376 572
550
99 32
44 79
813 872
537 529
249 810
683 716
974 991
669
865
684 608
126 55
896
996 494
651 585
782 984
191 150
224 88
484 71
583 685
933
465 250
487 884
80 847
475 206
341 290
997
770 919
46 714
589 909
821
544 175
838 330
806 94
660 710
84 781
434 85
237 668
22
775
906
521 794
318 310
295 527
666 131
940 543
629
709 517
525 31
101 221
979 698
866 270
723
499
609 535
272
398 635
738
828 264
13
606
287
113
242 545
364
956 231
631 307
363 601
467
689 134
688
144 715
749 143
568 898
492 116
994
193
783 965
180 246
980 841
76 953
54 587
38
736
316
701 322
81
450
542 571
145
768
0 883
576
263 390
696 36
916 547
731 289
713
604
11
921
485
981 345
600 359
699 876
504
97 578
353 452
331 737
827
300
754
926
152 161
923
674 932
23
567
596
634 700
389
653 752
728
68 405
253 96
411
148
245
210
406
539
508
574
30 355
815
254
718
248 371
868 128
385 903
462
707
745
451
803
764
271 58
312
403 395
855
255
247
917
512 86
18 552
849
627
53 750
840 793
969
509
557
799
167
4
588
645
569
798 985
103
286
78
880
922
393
859
324 788
429
943 147
61 444
241
678
747
427 366
127
217
291 958
746
106
644
309
536
34
275
654
784
460
823
265
516
605
964
48
82 214
538
196
436
584
412
987
190 523
256 445
229
864
820
109
480
852
878
89
446
924
219
278
999 207
594
830
502
468
202
453
843
702
888
706
836
225
397
623
845
712
908
950
235
519
232
441
352
761
998
952 949
7
963
75
616
755
184
727
613
73
743
648
292
177
610
540
954
332
778
340
559
887
812
729
722
978
597
905
211
925
98
140
944
420
895
208
850
899
890
493
826
100
74
687
870
663
907
347
893
626
205
766
281
228
677
268
435
21
860
5
939
526
212
556
742
951
125
24
260
767
867
520
284
42
992
641
807
440
719
962
802
149
532
877
396
780
652
640
647
500
530
439
348
611
741
120
638
913
320
593
303
379
854
240
875
486
296
479
50
948
346
189
724
201
121
220
790
142
671
776
267
692
739
380
233
358
35
804
299
192
28
456
282
261
472
302
367
785
43
110
293
489
323
914
771
560
216
298
19
391
56
328
370
159
989
378
575
970
329
45
333
430
507
658
787
874
772
733
839
178
279
704
174
848
381
942
166
656
77
41
433
748
614
176
132
112
554
186
757
377
425
194
63
505
87
442
141
533
431
549
975
506
334
356
354
983
209
777
591
351
491
732
283
230
971
349
672
708
886
457
463
693
197
60
9
325
829
16
869
222
514
92
734
555
592
421
959
305
400
274
682
3
387
17
136
639
986
362
342
791
819
679
313
531
831
646
842
294
667
326
83
786
239
111
935
483
154
642
863
164
311
276
976
690
369
360
473
14
725
315
570
25
602
361
277
680
29
730
181
546
203
477
33
1
319
258
107
851
844
135
39
649
655
374
122
187
515
966
650
565
955
541
213
62
809
900
811
694
938
139
317
691
357
931
308
822
621
170
448
