320
46 300 286 491
565
34
247 603 905 476 648 834
251 590
539 872 882
687
98 83
436
764 119
925 207 858
848 784
895
463 93 731 443 487
281 28 367
677
420 365
641
217 556 868 239
584
936 95
369
349
141 956
38
296 908
923 987 633
397 977 143 396 10 438
829 598
867
964
370 933
621
638
887
63 380
453 580
120 557 263 911 264 332 343
745
809
732 859
536
346
421
725 118
174 759 571
352
741 660
483
831 378 356 178 623 270 226
755 586 997
874 488
451
472 685 31 960
203
860
906
966 415
29
822
924 597
970
574 807 804
593 464
692
629 796 108 134 154
148 625 792 965
605
836 324
192 7
450 246 718
314 70 44 316
959 608 303 65
724
276 232 880 943
951 288 474 168 449 224 750 213
546
656 780
423
499 284
926 700
971 235 171
159
187 211
212
132
626 693 81
308 594 331
854
497 576
962 806
412 778
743
802 857
480 80 14
19
225
404 468 8
645
611 248
954 486
298
100
433 705 791
978
305
334 259 228 742
3 111
139 15 770 881
265 826 863 805 384
723
106 244
268
678 762
921 326
135 147
713
790 336 516
647
526 535 581 985
210
258 650
50 218
381 616 18
186
283 614 323 847
707 527 279
219
42
311 361
730 833 233
776
654 498 444
448
972
4 392
785 701 655
538
869 547
694 988 635
17
658 726 457
777 366 359 292 974
913 142 944
519
640 6 981 274
313 272 628 131 894 739 344
875
5
821
757 456 257 124 73 173 808
202
33 79
145 492
514
315 734
500 561 255 754
890 684 393
74 756
642 889 231
768
35 552 811
766
127 558 496
533 551
87 62 164 193
591 67 709 896
56 957 702 377 307
294 266
845 903
555
179 714 761
16
550 941 915 2 289
440 49
425
320 976 482
939
663
196 165 101 815
462
649 852 871
441 891 256 553
690 184 824 360 172 368 113
851 490
708
799 899 189 747 674 841
430
479 751
357 562 293
652 879 659
416 669 220 47 82
1
340
333 389 318
886 243 21
554
216 846
23
540 711 40
89
559 355 290 816 478
900
748
736 995 422 9
121
110 672 428 206
569
13 990
229 578 912 689
613 304
506
864 295
596 242 399 531
515 55
75
136 215 467 250 996 637 201 979
950 795 998 765 277
830
312
610 429
354 471
691 738 271 461
502 431 176
411
969
41
849
771 348 866
351
92
78 588
260
722
530 670 103 169 916
706 473 631 403 937
719 160
485 876
907 570
606 716 585 454
604
532 327 929 746
627 617
931
107 922
205 170
688 96 291 967 402 861 236 245
358 800 529 528
342 953 183 398
254
43
505 379 639 214 920
22 893 125 166 646
767 779
983 982 280 221 157 592 362 878 0 952 717 609 758
77 345
820 839 753 238
844 299 470
309 744 599 798 388 817 651 460
948 634
935
914 667 980 763
994
435 602 788
287 341
493 59
194 475 803 484
45
477
209 69 426 703
261 855
39 322 787 910 177 51 577 161 373 522
442 140 12 269 26 241
729 938 273 619 167
24 410 835
504 686
282 568 102 918
986 512
823 317 945 622 661 30 262 321 390
567
208 781
112
877 842 827 414 439 942 600
319
122 267 204 372 253 819 612
181
963
575 36 773 682
992 885 810 199 566 510 434 521 582 769 984 901 94 66 975 126 583
374 549 227 632
90 720 737 297 789 465 117 353 347 919 407
400 306 339 930 666 991 495 310 589 615 917 301 812 424 680 501 230 25 338
197
149 68 572 999 466 329 97 940 973 363 330
560 843 955 133
48 749 699
850 175 523
541 587 385 838 459 37
772
325
704 818
11 237 180 928 494 909 542 447 64 856
712 902 144 158 564 897 58
387 509 865 72 116 696 673 413 537 391 676 828 182 364 88 222 285 898 511
989 91 335 927
406
328 382
275 458 437
508 544 376 57 386 130 630 163 695 375 156 884 870 786
671 883 862 665 793 405 801 563 383 115
109 683 735 105 664 837 146 32 520 993
507 401 752 151 797 681 190 545
302
775 679 607 350 813 503 513 188 445 278 949 240 728
446 153 636 76 104 409 892 150
60
489 128 740 191 195 20
727 832 782 418 223 620 432 85 155 71 947
733 595 481 961 715 518 840 968 249 675 394 417 129 84 123 524 138 783 469 162 657 234 452 624 662 668
644 152 825 185 618 52 548 137 904 721 408 86 888 760 419 698 573 27 653 814 517 534 710 198 873 543 958 395 427 525 99 643 200 371 337 774 794 932 61 455 946 54 934 114 601 579 53 697 252 853
