667
445 30
91 108
765 553
577 494
737 482
973 386
269 619
337 735
447 44
153 458
542 392
270 751
165 840
291 401
226 726
768
145
76 837
996 321
928 101
653 252
728
961 701
671
776
171 156
300
827
382 475
262 847
52 912
119 670
793 376
355 461
662 861
384 817
551
348
702
888
416
689 414
899
850
622 620
608 394
717 368
95 388
872 794
117 372
657 150
806 470
995 242
415 471
12 157
476 846
182 10
464 835
705 525
129 885
181
820
109
483
824 341
632 661
0 94
967 51
624 80
212
668 808
403 612
64 813
834 825
774 383
385 204
898 716
188 133
695 797
566 511
871 615
732
565
82 318
147 625
217
910 814
936
678
747
18 562
113
410 524
63
505
302
472
27 88
219
288 643
375 200
159
370
23
567
596
485
745
451
740 481
474 665
690
545 426
537 49
468
160 173
791
710 572
633 903
956 138
949 345
176
614
331 244
67 721
731 285
627
723
499
532
743
336 330
789 32
858 982
131 26
34
536
497
207 891
884 894
93 8
510 195
50
479
659 991
17
387
3
576
892 760
352
761
998
997
96 243
676 438
342
284
190 581
69 402
313
531
559
428 40
628 339
38
218 490
227 929
534 183
216
609 455
272
561
70
984 873
916 118
9
60
197
66 993
457
803
764
994
193
478 832
521 469
528 522
720 856
543 20
629
812
777
209
365 454
59 977
112
568 953
369
486
508
210
406
866 231
289 795
818 583
874
460
823
4
963
7
286
103
294
800 72
651 853
125
951
742
533
275
673 249
592
978
722
432 960
437 259
782 114
19
896
480
222
514
92
250 371
441
775
22
555
708
444 155
925
211
287
606
13
905
179
225
518 327
116 137
260
958 617
947 881
346
948
5
939
526
906
500
924
674 256
283
746
106
644
309
334
506
594
830
502
841 796
488
988 413
196
436
501 915
584
412
199 236
466 409
320
913
638
427 937
161 297
981 805
656
319
220
976
333
430
507
28
604
663
870
687
380
809
921
11
298
754
926
180 408
381
848
174
704
279
191 443
281
228
328
571 422
299
517 744
516
265
799
512 770
46 452
140
98
347
893
626
433
605
964
48
935
759 344
725
81
450
965 932
786
239
442
78
811
635 15
261
593
189
801 307
151 424
194
467
134 703
713
822
843
890
493
826
100
74
807
366 544
127
955
538
642
709 263
247
255
855
25
602
680
62
477
33
21
904 130
149
546
203
597
641
992
356
933
658
623
845
712
431
575
970
462
707
509
557
323
923
556
798 513
591
895
240
966
889
316
736
730
39
831
589 686
354
983
645
588
411
148
245
201
121
136
224 169
296
166
942
504
329
972
241
570
378
989
205
646
29
790
440
719
962
802
677
268
435
292
648
699 162
859
393
922
880
418 99
550
733
364
124 105
77
654
865
669
42
491
107
448
877
515
184
755
616
971
230
741
611
235
519
379
980 407
634 862
122
187
24
766
756
423
111
317
357
278
734
75
389
425
792
362
178
839
810 31
404
914
396
692
267
655
312
917
693
679
819
360
473
14
229
667
560
771
613
727
463
882 304
35
358
233
640
652
132
311
439
986
639
86 833
539
303
282
83
860
784
549
729
900
232
400
748
332
778
340
349
672
836
706
554
186
757
844
738
89
852
878
829
867
520
621
987
56
887
724
305
959
569
650
293
154
931
73
135
16
920 115
975
315
367
314
90
649
489
110
43
682
842
377
863
849
851
700 697
208
907
688
258
351
694
938
456
120
325
886
420
301
864
869
361
277
254
815
87
164
875
691
177
787
944
274
574
821
954
540
391
908
950
397
739
779
213
675 714
429
326
167
804
276
785
767
139
969
453
202
647
718
41
251
854
541
421
141
610
170
530
1
192
142
45
374
79 144
780
446
772
308
